0.433462 140
0.203625 1
1.331195 1
0.213736 1
0.087440 1
0.147169 1
0.135404 1
0.303108 1
3.905502 1
0.130019 1
0.149502 1
0.117812 1
0.171973 1
0.105710 1
0.152160 1
0.149636 1
0.150279 1
0.120603 1
0.171223 1
0.187476 1
0.075618 1
0.129376 1
0.158857 1
0.099322 1
0.181153 1
0.104890 1
0.091262 1
0.178386 1
0.240291 1
0.061580 1
0.132705 1
0.163433 1
0.161465 1
0.071511 1
0.116385 1
0.122047 1
0.079577 1
0.132589 1
0.125963 1
0.147118 1
0.103100 1
0.091157 1
0.195259 1
0.045069 1
0.191958 1
0.238363 1
0.088217 1
0.147231 1
1.091599 1
0.189029 4
0.418658 4
0.141598 1
0.119865 1
0.145107 1
0.233337 1
0.146869 1
0.173339 1
0.199770 1
0.124125 1
0.205109 4
1.464548 1
0.288009 1
0.237401 1
0.260734 1
0.182055 1
0.212019 1
0.160818 1
0.192277 1
0.061555 1
0.157301 1
0.096264 1
0.118986 1
0.153148 1
0.155111 1
0.171588 1
0.090182 1
0.121674 1
0.413473 1
0.163817 1
0.098046 1
0.289022 4
0.324167 1
0.058110 1
0.151987 1
0.127858 1
0.184012 1
0.077410 1
0.162797 1
0.068923 1
0.158930 1
0.075121 1
0.137919 1
0.111723 1
0.133911 1
0.071365 1
0.086502 1
0.190382 1
0.153705 1
0.146062 1
0.172065 1
0.096942 1
0.139411 1
0.090408 1
0.091696 1
0.194054 1
0.045702 1
0.194588 1
0.206981 1
0.055126 1
0.127712 1
0.102856 1
0.135589 1
0.081672 1
0.137812 1
0.158926 1
0.097836 1
0.342707 1
0.895193 1
0.100492 1
1.471467 1
0.185191 1
0.209213 1
0.021857 1
0.119457 4
0.459483 4
0.155003 1
0.425373 1
0.179207 1
1.827982 112
0.307816 243
0.005892 2
0.964181 243
0.004934 2
0.376244 243
0.004536 1
0.998467 1
0.180896 1
0.170722 1
0.097711 1
0.883393 1
1.152770 1
0.070879 16
0.205301 2
0.432523 150
0.001039 151
0.005243 1
15.724483 1
0.109251 1
0.079066 1
0.141661 1
0.153133 1
0.163539 1
0.121602 1
0.221085 1
0.247788 1
0.681882 1
0.163571 1
0.146235 1
0.134241 1
0.106936 1
0.232459 1
0.431398 1
0.155622 1
0.544620 1
0.081410 1
0.037384 1
0.209099 1
0.145588 1
0.065296 1
0.156494 1
0.227436 1
0.076537 1
0.183237 1
0.214055 1
0.633903 1
0.175726 1
0.199998 1
0.107041 1
0.164237 1
0.187327 1
0.061157 1
0.146567 1
0.095047 1
0.118769 1
0.166229 1
0.309755 1
0.746815 1
0.286455 1
0.222082 1
0.199514 2
0.286155 87
0.260509 1
1.296708 1
0.143311 1
0.419416 12
0.262842 2
1.646962 21
0.022171 76
0.028873 172
0.103661 1
3.972777 1
0.162208 1
0.155919 1
0.350878 1
0.184226 1
0.091760 1
0.173717 1
0.539259 1
0.266931 1
0.194102 1
0.140603 1
1.126177 1
0.241520 4
1.523948 4
0.501953 4
0.029047 4
0.030869 4
0.030523 4
0.028699 4
0.030945 4
0.029260 4
0.030130 4
0.030477 4
0.029260 4
0.030495 4
0.030349 1
0.030912 1
0.030208 1
1.978238 1
0.131583 1
0.101917 1
0.199006 1
0.141772 1
0.166277 1
0.399964 1
0.189406 1
0.050296 1
0.144250 1
1.522980 1
1.275887 1
0.158104 1
0.139594 1
0.111030 1
0.083368 1
0.127102 1
0.115599 1
0.082348 1
1.620402 1
0.245198 1
0.169936 1
0.102554 1
0.122125 1
0.164156 1
0.218804 59
16.113566 1
2.366303 37
8.035262 2
0.903979 144
0.264390 251
0.008430 1
2.999340 1
0.168936 1
0.093915 4
1.700252 4
0.500948 4
0.030163 1
0.029534 1
0.030674 1
0.029874 1
0.030080 1
0.030409 1
0.029973 123
1.035487 73
1.203060 3
0.395333 3
0.181942 3
0.123013 3
0.153400 3
0.156115 3
0.144766 3
0.152288 5
0.302292 5
0.278381 2
0.373010 1190
1.174254 41
0.018044 35
0.037476 35
0.075870 40
0.027799 156
0.089227 251
0.028879 1
1.142597 1
0.146109 1
0.107634 1
0.190199 1
0.189003 1
0.084656 1
0.161144 1
0.085679 1
0.165451 1
0.150331 1
0.092736 1
0.656506 1
0.233009 1
0.306599 1
0.320310 1
0.066206 1
0.390274 1
0.954004 1
0.267330 1
0.176992 1
0.202577 2
0.140220 211
0.389131 2
0.055892 40
1.328690 128
0.009172 64
9.949467 55
0.245086 47
0.644332 23
2.439918 22
0.145038 64
0.000854 104
0.000903 39
0.051902 56
0.289578 54
0.045960 2
1.311015 64
5.873461 33
0.407985 34
1.919244 17
1.127094 149
0.163691 1
5.444309 1
0.106473 1
0.112956 1
0.262208 1
0.166533 1
0.112918 1
0.187692 1
0.117325 1
0.210448 1
0.187177 1
0.576220 1
0.535599 1
0.216001 1
0.332368 1
0.658686 1
0.090633 1
0.166065 1
0.067699 1
0.312054 1
0.113128 1
0.181970 2
0.201751 271
0.457384 110
0.000318 2
1.090489 2
0.153194 2
0.139676 2
1.173456 2
0.003216 149
0.004689 1
0.462663 1
0.147485 1
0.092061 1
0.149514 1
0.168753 1
0.149330 1
0.106765 1
0.143786 1
0.159026 1
0.064420 1
0.151929 2
0.118304 168
0.298082 139
0.007769 2
3.796572 139
0.004081 2
0.299973 139
0.004956 51
7.975121 48
1.991981 179
0.008007 46
5.941495 43
0.758967 174
0.005115 1
1.931217 1
0.143463 1
0.265914 1
0.148554 1
0.159267 1
0.140905 1
0.133740 1
0.750542 1
0.121790 1
0.068342 1
0.199307 1
0.090887 1
0.100492 1
0.174165 1
0.148489 2
0.148468 111
0.288980 143
0.012385 1
1.725929 1
0.135714 1
0.129851 1
0.736401 1
0.184856 1
0.095202 1
0.144761 1
0.102692 1
0.225142 4
0.204123 4
0.120825 1
0.084751 1
0.169729 1
0.121875 1
1.685220 1
0.186501 1
0.061913 1
0.218221 1
0.109027 1
0.081173 1
0.162361 1
0.096560 1
0.205984 1
0.084817 1
0.208050 1
0.087762 1
0.293210 1
0.133115 1
0.164749 1
0.230098 1
1.663434 1
0.158811 1
0.223798 1
0.134660 1
0.066144 1
0.153818 1
0.166815 1
0.096151 1
0.107633 1
0.095996 1
0.542374 1
0.919091 1
0.128433 1
0.109402 1
0.223130 1
0.100686 1
0.149959 1
0.209306 1
0.971743 1
0.077083 1
0.222908 1
0.128573 1
0.156977 1
0.852609 1
0.074161 1
0.155747 1
0.101691 1
0.277633 1
0.165233 1
0.203455 1
0.186607 1
0.209556 1
0.218200 1
0.193215 1
0.107638 1
0.134025 1
0.125610 1
0.081826 1
0.169836 2
0.382978 25
0.419682 193
0.017842 2
1.875409 193
0.006260 2
0.169318 193
0.005829 1
0.784822 1
0.145749 1
0.114417 1
0.376467 1
0.170126 1
0.136568 1
0.195735 1
0.326882 1
0.112100 1
0.109704 1
0.056089 1
0.158773 1
0.160209 2
0.182289 161
0.282118 141
0.016842 34
8.901733 1
0.719573 1
0.408622 1
0.193017 1
0.213033 1
0.193259 1
0.118572 1
0.117037 1
0.100299 1
1.332163 4
0.519550 1
0.527814 1
0.286577 1
0.127930 4
0.367999 1
0.560476 1
0.840531 2
0.243508 239
0.003736 266
0.007519 174
0.005433 1
5.670407 1
0.206267 1
0.079658 1
0.142997 1
0.129455 1
0.489057 1
0.620700 1
0.140855 1
0.177015 1
0.217523 1
0.143639 1
0.081688 1
0.081588 1
0.183078 1
0.122558 1
0.113225 1
0.129504 1
1.880421 1
0.153631 1
0.195359 1
0.137975 1
0.118725 1
0.144671 1
0.079556 1
0.133146 1
0.181660 1
0.159642 1
0.299875 1
0.125237 1
0.123800 1
0.160097 1
0.372633 29
0.449694 160
0.006521 2
0.948447 160
0.005127 1
7.593376 1
0.203829 1
0.087846 1
0.157641 1
0.128782 1
0.227842 1
0.551132 1
0.145217 1
0.141451 1
0.081338 1
0.155067 1
0.111550 1
0.140037 1
0.185410 1
0.061001 1
0.259730 1
0.095708 1
0.186244 1
0.151823 1
0.122883 1
0.326562 1
0.183716 1
0.063445 1
0.117458 1
0.175482 4
0.381867 1
0.183041 1
0.118327 1
0.160675 1
0.085584 1
0.161763 1
0.111899 1
0.157843 1
0.161628 1
0.195503 1
0.102482 1
0.152006 1
0.175858 1
0.342093 4
1.185983 1
0.318057 1
0.559295 1
0.111824 1
0.222276 1
0.197337 1
0.079813 1
0.171837 1
0.033849 1
0.165563 1
0.099125 1
0.763282 1
0.207572 1
0.132780 1
0.463920 1
0.148880 1
0.135993 1
0.081666 1
0.131493 1
0.128269 1
0.074960 1
0.148080 4
0.380264 1
0.155812 1
0.069007 1
0.191792 1
0.151865 1
0.101678 1
0.190876 1
0.181630 1
0.070287 1
0.130549 1
0.175661 1
0.180987 1
0.350805 1
0.118761 1
0.158083 1
0.106657 1
0.211726 1
0.212950 1
0.048527 1
0.120496 1
0.170156 1
0.095804 1
0.198713 1
0.163159 1
0.065550 1
0.152953 1
0.055116 1
0.141490 1
0.175285 1
0.020078 4
0.500558 4
0.144124 1
0.152923 1
0.103976 1
0.161401 1
0.058252 1
0.145808 1
0.195954 1
0.174916 1
0.125330 1
0.073612 1
0.189399 1
0.101325 1
0.111001 1
0.102784 1
0.135477 1
0.090241 1
0.241037 1
0.157166 1
0.171876 2
0.125952 2
0.183898 4
0.519459 4
0.142660 1
0.423738 2
0.272472 1
0.232675 1
0.169467 1
0.312783 104
0.270661 235
0.005639 2
0.521510 235
0.005940 47
2.643075 2
2.968018 81
0.001277 175
0.005386 2
2.084270 175
0.005908 1
1.589428 1
0.096638 1
0.143722 1
0.086100 1
0.118346 1
0.128094 1
0.058245 1
0.260425 4
0.594805 1
0.142055 1
0.105327 1
0.143587 1
0.091150 4
0.169055 2
1.359227 143
0.011436 15
0.464256 62
0.166283 2
0.304994 27
0.005471 40
1.450253 92
0.000227 46
0.070184 46
0.000009 97
0.000198 901
0.020932 982
0.101883 175
0.060591 1
6.338092 1
0.141022 1
0.094421 1
0.181058 1
0.089143 6
0.116841 2
0.615801 161
0.006170 118
9.115683 2
6.706098 268
0.006897 1
3.079545 1
0.146640 1
0.087647 1
0.200495 1
0.647342 1
0.225050 1
0.156631 1
0.106774 1
0.538226 2
0.294649 159
0.009326 1
0.669583 1
0.107351 1
0.114102 1
0.169410 1
0.219175 1
0.071214 1
0.179884 1
0.151346 1
0.191990 1
0.193280 2
2.651951 4002
0.006027 2
1.033934 2
0.201753 2
0.134023 2
0.167289 2
0.151479 2
0.155328 2
0.143750 28
0.872422 36
1.181908 1
0.262666 1
0.173521 28
0.153540 48
0.028157 89
0.002213 160
0.007388 1
2.244070 1
0.100271 1
0.113705 1
0.128583 1
0.103088 1
0.182934 1
0.120636 1
0.125347 2
0.374466 580
0.001362 70
7.985100 105
0.001850 231
0.002198 86
0.533711 117
0.002193 81
1.481734 158
0.008084 1
1.276001 1
0.148295 1
0.247711 1
0.578429 1
0.153199 2
0.455190 133
0.005042 1
6.545571 1
0.191372 1
0.084565 1
0.151943 1
0.119766 1
0.258338 1
0.346500 1
0.210897 1
0.155331 1
0.066584 1
0.121557 1
0.120650 1
0.182086 1
0.175536 1
0.212738 1
0.174085 1
0.090676 1
0.178036 1
0.193268 1
0.469891 1
0.210562 1
0.099453 1
0.138687 1
0.244417 1
0.085366 1
0.118237 1
0.177134 1
0.107261 1
0.459762 26
1.407359 157
0.010821 1
2.552878 1
0.163049 1
0.105875 1
0.179902 1
0.208615 1
0.151743 1
0.162870 1
0.177173 1
0.154663 1
0.332258 1
0.085219 1
0.142412 1
0.165128 1
0.114135 1
0.518811 1
0.218161 1
0.081274 1
0.148274 1
0.091218 1
0.290194 1
0.152866 1
0.184333 2
1.204749 27
0.371688 150
0.007110 1
2.675947 1
0.117585 1
0.128550 1
0.201714 1
0.171013 1
0.103595 1
0.160203 1
0.114364 1
0.168421 1
0.116176 1
0.274897 1
0.435743 1
0.243366 1
0.326318 1
0.203045 1
0.074443 1
0.194323 1
0.083265 1
0.293503 1
0.119494 1
0.183906 2
0.218468 207
0.385545 40
1.136173 128
0.005326 64
8.573302 55
0.216662 47
0.539796 23
2.248105 22
0.128889 64
0.001059 104
0.005611 39
0.033870 56
0.262879 54
0.034956 2
1.259646 64
6.844174 33
0.412824 34
1.957013 17
0.978325 149
0.081372 1
1.619096 1
0.185878 1
0.118297 1
0.229743 1
0.175893 1
0.107532 1
0.152838 1
0.121949 1
0.198632 1
0.204004 4
1.148653 4
0.154496 1
0.275862 1
0.139501 1
0.140513 1
0.513680 1
0.192303 1
0.314867 1
0.283537 1
0.082749 1
0.184837 1
0.072724 1
0.307931 1
0.111753 1
0.187281 2
0.166215 150
0.416368 33
2.390676 13
1.990250 149
0.066963 1
2.826299 1
0.094834 1
0.101436 1
0.148652 1
0.153921 1
0.158259 1
0.138915 1
0.130801 1
0.166305 1
0.093060 1
0.164946 2
0.104364 223
0.280848 139
0.008253 1
12.702980 1
0.101700 1
0.146844 1
0.158272 1
0.183045 1
0.336745 1
0.151786 1
0.131266 1
0.202039 1
0.282938 1
0.145525 1
0.237280 1
0.356768 1
0.067311 1
0.182799 1
0.118736 1
0.187586 1
0.573210 1
0.117697 1
0.152942 1
0.152534 1
0.318126 1
0.258849 1
0.221478 1
0.202336 1
0.075639 1
0.148570 1
0.179858 1
0.087866 1
0.113118 1
0.118866 1
0.108142 1
0.207188 2
1.921416 4095
0.009398 4095
0.000116 4095
0.000041 3612
0.000030 4095
0.000081 4095
0.000023 4095
0.000026 1539
0.000027 4095
0.000487 4095
0.000027 1967
0.000023 161
0.006860 33
1.412064 1
0.474936 1
0.103710 1
0.142066 1
0.197984 1
0.176379 1
0.148721 1
0.087895 1
0.158313 1
2.055568 1
0.223914 1
0.409441 4
0.436067 1
0.132532 1
0.374318 2
0.609501 239
0.003611 81
0.006879 190
0.000240 173
0.005380 1
2.574774 1
0.191504 1
0.112811 1
0.163942 1
0.156402 1
0.539108 1
0.366501 1
0.159425 1
0.156356 1
0.158712 1
0.108252 1
0.099330 1
0.057789 1
0.188454 1
0.084801 1
0.121095 1
0.146786 1
0.378116 1
0.132677 1
0.126011 1
0.139900 1
0.080177 1
0.153662 1
0.130656 1
0.162837 1
0.070511 1
0.363161 1
0.167821 1
0.900757 1
0.228137 2
0.159578 1
0.198308 1
0.170525 1
0.397639 32
0.852806 163
0.008741 1
4.682920 4
0.751763 1
0.166940 1
0.194511 1
0.086104 1
0.168305 1
0.126206 1
0.254126 1
0.364117 4
0.500679 1
0.326729 1
0.173788 1
0.099862 1
0.397180 1
0.779897 1
0.072016 1
0.252012 1
0.067513 1
0.122714 1
0.138309 1
0.231972 1
0.058515 1
0.136964 1
0.152166 1
0.184544 1
0.082862 1
0.182507 1
0.150148 1
0.214936 1
0.081418 1
0.315763 24
0.314327 155
0.004674 1
3.218622 1
0.221156 1
0.074567 1
0.154208 1
0.111343 1
0.542772 1
0.254854 1
0.217273 1
0.115238 1
0.132823 1
0.055766 1
0.051186 1
0.108760 1
0.075472 1
0.383703 1
0.167530 1
0.107865 1
0.064616 1
0.204477 1
0.090603 1
0.183822 1
0.539970 1
0.092967 1
0.244416 1
0.005241 4
0.543032 1
0.293103 22
0.374939 153
0.005210 1
0.536200 1
0.163094 1
0.136784 1
0.139026 8
